81
229
187
244
166
187
176
166
164
164
183
185
164
170
185
147
191
264
203
133
189
157
170
134
153
182
192
158
256
144
184
182
215
150
148
158
176
193
167
147
247
204
237
164
164
171
159
187
205
158
149
150
175
196
139
163
208
179
256
224
142
126
156
127
189
170
185
199
146
148
162
185
178
147
142
177
165
176
167
198
129
180
213
182
196
189
197
160
189
187
231
170
210
154
176
189
174
188
189
173
191
190
196
200
195
190
181
173
177
176
148
145
186
185
188
186
181
175
189
179
171
154
155
192
197
197
176
179
181
226
177
171
182
181
174
181
198
181
192
184
177
178
179
176
179
207
181
217
194
171
163
182
185
210
166
168
162
182
172
178
217
26
166
156
156
174
169
173
172
172
180
258
189
191
166
149
197
187
257
218
196
180
188
172
162
296
174
176
133
133
152
131
176
160
158
157
163
172
195
181
156
185
171
129
135
98
192
100
214
172
187
135
154
188
179
176
180
187
180
138
185
173
187
184
186
184
133
122
145
170
88
135
188
185
173
178
179
178
176
244
243
238
178
225
179
165
165
175
158
182
187
245
185
157
186
188
170
98
103
177
132
219
140
199
191
191
189
187
188
163
167
191
184
182
184
160
154
198
192
191
184
194
194
198
188
190
93
175
157
179
177
169
201
182
207
177
202
199
208
205
146
164
186
140
223
243
131
205
188
198
112
109
109
115
165
182
277
180
205
196
172
253
255
146
141
178
179
251
169
151
198
191
236
175
115
123
122
136
158
198
144
170
167
131
155
173
176
173
99
180
185
165
173
171
175
192
179
202
89
193
156
179
229
206
177
166
185
164
180
196
182
179
218
184
180
103
225
181
148
177
207
201
182
190
120
159
188
175
185
165
191
202
201
134
151
190
137
95
179
182
153
182
134
162
123
165
113
187
148
154
159
107
101
96
190
254
197
189
215
177
161
124
139
196
190
191
123
210
91
130
159
127
123
123
184
204
171
236
228
169
98
147
113
158
176
178
181
164
171
171
139
147
175
147
147
195
223
182
191
188
178
169
226
166
159
231
154
240
172
123
132
178
165
178
125
138
201
189
147
174
173
173
199
176
198
172
178
182
161
138
129
155
179
166
180
180
203
201
203
201
197
180
166
122
125
130
177
174
160
161
151
87
217
203
152
149
198
184
198
212
194
178
179
192
164
190
157
170
195
170
185
179
184
164
172
171
175
161
182
163
101
178
182
163
137
153
139
133
139
196
213
140
197
151
149
180
164
233
197
188
180
163
182
165
88
157
170
171
182
169
180
173
97
170
166
122
158
300
177
118
185
184
184
187
166
165
172
298
168
188
177
192
187
172
167
155
165
158
173
157
167
187
258
164
169
130
129
121
123
171
165
144
203
197
166
192
134
173
243
221
141
182
185
188
183
169
160
162
164
201
143
140
142
119
132
177
191
168
186
176
177
177
188
178
188
172
147
137
139
145
187
230
186
181
135
165
184
232
174
152
191
164
201
195
201
204
121
183
216
157
149
145
177
171
157
172
184
169
161
174
168
185
174
211
198
146
172
140
173
236
164
136
167
189
141
254
188
146
186
192
146
123
174
161
110
172
153
150
179
174
207
203
198
199
147
163
147
165
185
190
185
188
140
173
160
118
226
125
121
183
155
97
119
194
150
215
112
82
94
152
145
117
138
180
134
213
163
315
147
148
183
189
210
215
203
205
201
204
174
178
250
155
167
164
140
126
131
175
188
152
158
114
217
197
198
267
210
187
195
122
111
98
93
157
228
98
109
197
192
143
142
27
174
157
104
116
141
255
141
190
194
135
223
177
188
218
145
135
177
167
155
154
174
96
204
177
184
166
165
174
162
133
130
166
181
163
159
183
180
156
153
192
191
193
208
246
130
134
199
201
153
164
165
116
137
143
173
98
113
148
148
154
130
171
212
223
223
104
103
161
188
193
188
254
155
163
170
173
143
160
164
127
151
202
192
135
136
134
136
146
146
84
179
178
171
175
185
165
111
176
154
191
182
167
193
189
150
202
200
206
180
164
126
147
145
165
176
180
185
264
253
95
146
146
182
174
167
159
132
138
126
158
128
135
142
210
155
136
162
195
167
180
119
174
181
145
212
173
165
176
117
214
170
170
