287
72
47
305
97
92
111
73
46
94
66
58
80
74
68
124
53
104
55
69
94
129
76
257
108
76
42
98
121
138
69
69
232
111
139
93
111
51
112
129
284
97
267
66
285
122
74
77
63
117
133
132
106
65
175
229
358
158
250
306
119
156
74
30
60
110
62
79
54
108
92
66
114
80
81
114
67
115
113
46
17
107
58
62
62
63
212
78
272
322
246
72
75
181
69
34
296
66
62
61
66
44
58
48
53
96
300
83
78
81
139
114
96
98
98
94
280
112
195
113
123
136
66
86
63
355
284
63
65
299
83
92
85
84
74
85
70
191
84
96
95
106
105
75
39
53
63
0
79
57
66
57
54
303
48
111
121
118
125
272
338
274
121
116
78
113
106
242
237
240
114
246
58
65
47
118
61
67
268
312
60
90
95
76
68
333
97
91
115
114
24
114
68
74
73
74
77
282
270
179
311
264
69
282
284
282
64
268
5
89
85
132
67
316
94
113
62
68
76
137
89
309
82
91
48
71
253
247
115
78
101
133
65
71
70
64
91
102
118
258
244
237
116
177
60
67
107
100
111
64
281
313
65
82
72
68
51
272
32
101
51
68
44
49
62
63
64
41
66
119
72
64
109
107
101
69
154
48
62
73
71
64
64
64
62
63
274
71
66
179
76
76
47
59
37
65
59
314
296
316
116
222
263
119
339
334
128
37
66
52
321
313
302
314
52
104
158
60
134
49
66
290
271
100
287
59
97
287
92
138
113
137
74
119
141
126
140
130
57
304
78
81
76
152
89
63
106
266
274
149
269
98
105
110
106
287
325
303
118
72
52
90
91
303
203
267
87
294
73
71
68
63
76
80
68
281
65
80
114
62
38
317
68
67
129
43
58
64
83
74
65
32
42
133
307
55
35
20
62
295
63
43
213
123
202
258
59
47
81
79
66
278
278
278
64
309
8
67
68
68
113
133
109
145
61
62
130
36
270
286
21
127
130
130
60
339
106
314
339
109
181
104
121
123
99
104
93
119
116
116
133
116
64
116
170
61
283
85
65
64
82
83
301
63
80
300
104
46
101
108
129
303
56
50
132
120
37
72
280
114
82
22
81
94
284
87
61
67
96
134
148
111
67
106
72
72
27
43
44
45
40
69
104
138
142
136
74
75
73
76
101
228
308
280
71
62
60
54
58
53
60
65
48
45
80
74
293
73
65
66
65
65
59
90
56
62
66
60
189
76
284
96
99
69
132
112
125
137
129
59
72
129
80
71
81
63
66
284
39
62
72
81
68
63
289
62
72
282
288
75
93
80
59
101
79
136
67
208
78
305
60
62
61
54
271
69
65
136
61
63
59
69
52
28
101
83
70
73
73
69
69
84
286
123
95
135
140
141
137
112
77
100
56
60
80
50
262
81
298
357
127
67
86
61
64
92
87
103
88
76
127
128
126
126
131
63
43
297
65
69
73
69
99
247
50
67
141
127
125
123
84
55
293
80
139
78
51
54
65
309
64
68
73
58
67
54
134
285
71
117
127
165
108
123
113
112
80
118
282
70
92
51
13
30
52
136
75
148
106
255
70
143
71
45
145
109
51
111
71
109
144
167
130
64
304
65
116
116
67
99
78
86
92
90
116
103
117
101
78
42
101
68
178
99
82
326
162
149
150
85
96
65
294
39
126
3
185
357
339
112
123
45
260
66
133
80
143
166
118
114
65
45
241
229
42
51
60
52
111
77
116
286
101
76
259
104
240
93
59
114
103
228
203
274
273
260
281
54
66
281
280
274
275
282
188
276
265
115
106
108
109
313
116
116
285
155
129
331
126
65
62
135
46
80
65
22
67
72
57
90
59
90
73
61
46
99
79
64
77
66
122
128
133
75
92
82
88
76
81
260
89
67
63
63
68
258
273
130
57
38
92
76
75
135
120
113
65
272
268
119
119
105
125
77
104
112
104
275
278
99
64
45
75
71
84
97
63
83
144
42
159
137
118
304
76
130
131
131
129
120
120
285
76
67
273
64
67
276
277
43
134
160
56
270
58
295
55
67
68
216
63
62
183
149
123
57
105
99
72
65
78
281
56
270
278
61
103
117
130
124
136
94
103
100
263
82
48
135
296
42
248
230
75
95
60
335
197
74
99
69
158
58
68
69
