153
131
140
145
142
139
138
116
125
152
143
149
111
149
149
130
141
145
142
90
151
139
128
147
96
155
138
145
162
128
133
129
136
121
102
146
150
137
103
106
106
127
103
144
148
120
147
159
132
128
128
134
126
139
117
92
141
131
129
130
119
107
323
112
139
132
149
125
141
105
123
136
127
141
152
128
142
128
128
146
335
149
157
139
138
138
144
153
160
139
125
138
115
146
136
145
139
149
132
143
137
139
141
137
136
139
123
128
127
127
114
100
138
138
139
139
98
123
162
142
136
133
141
138
128
145
130
142
129
71
117
129
133
131
131
130
151
129
137
135
144
137
144
142
159
143
126
137
142
137
132
142
135
140
133
137
137
130
134
318
133
149
109
93
132
136
131
89
98
107
108
125
155
142
80
100
144
143
136
130
150
146
136
137
140
117
138
142
132
133
131
125
105
136
137
137
141
141
138
117
136
135
144
160
151
154
135
152
140
129
149
76
147
142
138
128
135
145
103
120
134
106
140
142
153
141
327
305
105
126
273
105
141
141
150
141
134
130
109
103
108
106
132
81
126
151
129
126
112
147
132
132
144
144
147
146
132
134
321
140
312
135
127
142
142
141
140
153
136
131
146
135
134
134
137
134
139
150
139
125
125
144
146
147
141
141
157
133
127
118
144
103
139
126
137
142
128
152
124
132
126
155
118
117
139
140
118
140
136
137
150
153
153
156
130
137
114
133
130
152
153
136
130
142
139
129
135
136
128
130
83
94
134
151
104
100
122
131
107
160
140
117
117
119
141
143
132
132
157
305
137
128
125
121
124
159
158
158
129
129
148
126
91
131
139
94
155
127
129
161
139
135
125
94
146
156
139
137
120
142
135
125
125
146
131
135
141
137
142
140
125
137
135
125
162
137
147
145
144
128
133
116
145
126
117
123
126
144
138
135
146
156
157
150
141
119
122
140
141
118
127
110
129
28
152
141
134
143
155
157
134
129
136
134
136
126
138
108
110
130
106
114
147
140
140
144
144
139
145
138
132
129
131
115
119
80
118
134
130
133
133
135
70
149
144
153
130
114
131
105
111
122
142
123
115
119
128
130
113
119
132
152
156
136
306
135
139
145
129
122
119
129
133
123
134
134
144
143
144
141
144
132
123
132
132
127
133
113
137
111
144
156
113
308
312
308
141
144
90
94
95
141
127
143
148
147
138
145
140
149
143
131
138
123
142
149
139
144
130
129
121
125
129
148
137
120
122
121
119
145
108
132
153
146
140
140
148
34
145
143
130
150
141
132
154
129
142
129
122
144
154
119
104
133
157
104
154
118
146
131
131
131
130
130
130
135
140
265
146
126
143
149
148
80
130
147
145
141
139
143
140
87
107
130
133
129
131
128
135
125
140
121
143
137
141
129
153
137
139
115
109
146
128
154
137
135
153
149
156
152
119
120
119
124
114
139
147
146
140
139
140
140
141
129
124
144
132
108
107
110
128
134
129
125
137
144
130
139
141
153
141
134
147
147
148
147
91
137
153
114
116
129
128
129
125
127
100
129
132
156
134
68
67
136
136
136
149
135
137
144
116
131
105
96
133
151
137
102
141
117
126
111
133
147
148
140
167
175
135
136
95
91
91
91
133
131
135
124
111
125
139
140
120
130
149
75
147
121
124
139
146
59
168
130
119
87
115
78
79
114
122
145
137
124
120
135
114
147
116
108
140
139
166
169
142
142
129
131
141
125
148
118
142
133
152
120
144
134
140
127
117
128
113
124
124
121
125
343
146
145
147
143
146
309
141
153
151
130
134
131
135
139
120
109
148
67
102
145
116
136
135
122
317
139
135
162
114
76
143
146
126
141
141
113
141
122
132
150
146
139
122
114
114
134
158
147
146
143
143
142
145
147
144
144
143
105
142
113
129
129
117
150
141
84
117
116
146
137
140
118
118
123
115
150
151
144
152
150
151
125
135
135
134
157
140
126
120
130
133
152
119
117
123
131
132
138
119
117
119
124
120
149
128
127
126
132
117
112
153
124
135
121
142
109
149
136
133
136
127
276
143
142
59
135
111
66
137
137
133
154
154
141
127
150
126
153
110
114
119
112
118
105
113
116
139
162
148
125
147
145
147
147
126
135
138
140
94
138
132
138
142
146
132
132
