21
300
87
176
100
91
97
96
79
70
87
107
17
69
66
83
67
301
83
112
61
98
81
106
77
67
79
96
63
92
81
91
171
96
81
96
84
69
85
84
148
77
303
77
304
150
88
65
119
64
72
71
76
83
74
69
76
77
174
187
61
332
85
179
90
70
59
80
62
78
69
63
91
96
98
90
81
88
69
61
133
64
61
76
76
72
51
92
64
93
359
85
74
144
104
97
82
91
274
42
69
61
88
97
74
86
119
79
82
81
81
70
93
93
95
92
57
62
62
77
74
73
97
91
63
291
64
58
60
36
48
67
59
62
62
60
92
69
92
91
101
104
89
61
59
90
283
68
94
75
58
52
72
69
90
92
92
80
71
64
53
104
80
62
57
84
70
60
69
72
44
289
94
127
171
70
82
75
45
97
91
60
91
88
86
341
62
62
76
82
60
94
73
79
79
82
79
305
276
54
295
299
77
96
82
49
66
44
259
72
74
148
189
101
94
294
70
92
71
104
74
288
82
81
52
60
56
85
68
81
195
78
80
80
87
67
67
62
81
297
298
281
94
128
59
66
89
85
81
59
300
89
57
83
67
71
90
61
234
160
271
93
52
101
83
77
59
81
68
72
86
97
85
92
94
89
297
270
73
68
65
78
79
74
75
75
170
97
43
36
267
44
95
66
59
66
63
71
58
60
92
62
59
91
53
57
79
60
66
66
285
278
266
277
71
93
172
57
318
58
73
32
36
87
67
52
83
29
64
72
37
40
261
76
78
77
59
115
76
61
89
68
59
75
91
75
95
59
57
281
6
95
85
77
72
48
43
61
98
74
28
273
76
59
105
47
277
59
68
122
66
63
62
86
278
54
87
65
62
265
55
308
68
67
75
45
82
63
63
74
276
68
71
70
291
80
58
67
59
65
58
63
98
60
67
59
275
87
84
78
61
50
50
52
86
145
295
94
43
105
66
132
65
58
76
79
89
52
117
97
48
72
106
89
82
89
90
72
72
71
66
81
88
90
81
71
90
93
91
89
70
70
66
82
59
138
127
99
69
65
59
48
25
86
95
126
73
87
67
146
75
67
101
87
77
78
89
94
97
75
84
45
49
81
73
74
56
72
70
78
88
77
71
66
66
66
56
62
67
72
73
65
66
93
91
82
88
69
100
123
227
55
93
73
77
74
80
67
169
180
151
71
72
65
83
73
292
67
58
83
67
66
69
91
75
91
97
61
185
62
54
89
93
65
71
85
87
83
80
90
67
47
80
42
56
71
75
60
108
82
59
81
73
62
16
56
74
283
60
93
120
294
278
84
90
83
62
59
68
70
69
67
70
73
284
66
104
154
85
78
74
71
79
105
88
77
69
92
104
84
84
107
286
65
72
84
90
91
89
97
84
84
96
80
85
74
77
42
178
296
76
54
31
40
60
55
70
90
84
69
69
75
72
71
84
60
72
297
67
72
70
75
63
289
86
85
86
58
57
64
94
63
70
68
85
76
69
292
302
306
78
79
86
84
80
84
86
311
246
70
85
97
85
88
75
78
94
79
306
81
53
89
135
69
76
78
82
78
92
63
73
80
67
67
82
45
73
98
73
296
77
62
92
73
63
104
72
71
109
73
303
293
296
300
71
72
74
72
39
55
61
82
75
67
90
141
305
75
76
60
46
288
41
73
92
303
172
68
144
76
101
75
75
57
95
97
112
344
96
80
77
81
102
98
60
71
63
70
86
113
62
53
59
64
91
125
101
64
61
92
56
122
210
76
81
77
72
46
71
355
25
41
53
56
58
56
34
81
79
51
49
58
298
62
58
309
73
91
75
67
66
84
315
78
43
68
174
160
68
90
204
50
73
153
52
93
75
82
79
72
101
77
72
49
72
65
72
49
54
306
104
70
69
74
71
82
66
69
67
71
301
75
86
290
76
60
67
334
8
79
89
87
77
83
28
101
96
29
45
35
67
56
67
49
93
73
77
91
79
305
196
85
88
76
81
63
87
83
89
80
91
53
83
62
56
79
48
48
41
39
69
354
78
50
75
71
79
62
71
317
70
101
189
134
84
274
95
90
94
53
56
331
62
90
296
67
78
91
98
63
104
96
77
71
111
96
302
72
295
61
293
312
59
74
58
294
358
67
61
79
94
105
54
57
