182
162
193
272
231
223
240
178
221
202
202
230
221
191
205
234
216
154
206
61
200
246
174
153
267
202
191
215
79
280
205
224
44
274
258
233
213
209
240
259
350
191
349
192
251
256
221
188
206
232
249
238
203
199
259
211
272
232
44
110
254
283
206
120
234
212
93
202
186
251
235
186
233
225
219
238
198
237
203
79
135
193
91
203
204
202
8
220
167
241
9
217
197
308
243
221
208
199
204
184
200
195
201
218
200
231
178
207
207
207
277
261
226
223
227
229
184
208
97
210
216
245
200
196
198
240
292
196
199
111
69
197
199
199
187
195
206
204
224
234
220
236
227
191
201
216
212
226
217
201
205
195
214
217
230
246
248
226
220
76
205
286
261
256
205
213
212
210
203
200
259
62
213
234
128
267
202
204
27
246
210
202
232
237
211
185
226
226
265
279
180
276
189
206
203
206
204
261
282
190
241
303
211
155
163
186
199
182
254
196
215
265
168
238
222
147
185
225
245
266
208
265
196
204
162
194
128
153
249
212
262
266
194
195
212
197
194
192
229
303
3
48
237
249
194
74
241
230
245
195
294
243
195
222
205
202
215
189
229
318
73
224
188
209
196
192
199
205
205
217
210
228
227
226
231
231
312
235
198
190
190
200
201
199
199
198
227
230
183
236
232
184
224
206
58
200
195
223
206
206
115
212
117
101
272
284
257
58
207
199
204
198
161
195
216
232
88
195
310
191
84
13
44
216
95
180
230
63
219
264
148
144
213
212
289
284
281
284
155
177
96
229
218
273
220
207
248
309
192
266
350
240
233
228
222
169
166
181
54
231
184
236
204
205
239
78
233
214
211
242
199
210
187
44
227
192
196
205
216
229
91
231
185
191
286
178
202
206
197
198
218
70
73
243
319
215
80
74
196
207
183
223
259
231
39
313
103
193
215
212
171
189
188
182
201
28
195
216
89
220
221
307
238
283
205
196
285
197
162
166
189
272
288
285
196
249
245
279
264
223
246
113
248
254
237
234
234
251
251
232
240
235
199
269
172
109
328
226
194
214
199
198
118
211
217
276
208
148
208
329
275
231
182
190
282
272
201
206
126
204
196
102
101
203
105
203
185
206
223
248
269
240
214
211
198
198
182
58
55
66
63
192
220
285
288
272
230
217
228
218
245
175
75
99
82
76
201
179
171
176
167
201
203
96
215
209
264
194
194
210
203
200
204
217
206
214
203
200
131
204
190
233
234
188
260
258
270
268
243
205
116
227
200
206
207
200
199
225
225
207
195
210
198
191
170
169
199
311
126
219
251
227
84
237
217
281
195
55
195
195
185
200
195
200
314
195
219
170
208
199
192
182
194
138
238
230
205
220
220
223
208
49
354
207
234
273
278
289
283
240
215
232
220
215
215
194
147
185
269
231
274
190
199
175
185
206
206
213
218
213
256
262
259
278
280
183
195
271
202
204
199
199
210
6
208
208
258
263
258
261
233
209
202
201
265
212
184
193
255
253
204
207
215
223
218
226
288
314
79
242
255
263
226
240
235
243
222
248
231
204
197
209
240
213
205
250
208
258
237
114
187
250
199
189
256
91
196
268
194
283
247
274
237
199
208
219
231
232
216
219
146
146
146
142
233
217
233
225
189
186
192
218
246
202
217
91
248
261
254
206
215
78
173
210
238
205
291
90
91
256
274
82
85
184
289
201
226
139
271
250
200
201
92
89
198
199
192
198
205
184
68
93
202
220
153
314
280
194
196
251
191
297
171
130
139
111
125
72
207
183
181
194
191
277
73
196
194
217
229
257
258
178
226
218
170
176
272
264
269
200
201
279
154
196
190
192
56
65
212
205
163
204
193
202
183
237
206
213
202
196
239
264
265
79
225
211
212
199
197
110
222
190
191
197
207
313
163
269
198
197
227
207
209
183
265
251
189
187
153
264
275
272
271
213
158
139
123
183
194
187
196
197
197
152
214
247
238
239
253
82
243
281
263
254
205
232
272
271
274
264
269
186
189
208
224
225
189
95
165
203
242
79
179
86
217
199
68
181
148
15
205
222
94
298
272
178
241
240
207
154
148
176
68
149
321
197
254
261
287
262
299
255
151
170
160
237
77
251
267
185
93
90
49
208
196
259
40
198
224
207
284
206
187
187
