169
32
63
121
30
59
53
64
86
68
53
64
78
56
58
50
68
249
46
51
43
11
68
71
44
59
66
49
152
17
48
58
173
43
22
48
21
58
34
28
147
48
58
59
185
25
60
52
53
52
45
46
39
46
268
226
134
309
213
119
48
12
59
108
57
28
86
43
27
69
69
71
47
65
65
45
66
43
48
55
110
17
26
67
52
56
289
54
202
173
269
57
71
311
59
84
179
75
52
60
46
69
53
68
58
57
88
59
58
58
22
50
57
55
56
61
58
22
51
13
16
44
79
26
58
140
187
48
53
180
282
61
63
65
69
62
52
257
66
64
57
58
53
39
107
47
57
90
34
67
54
60
60
151
114
62
57
12
13
257
97
180
40
43
50
23
30
215
224
215
24
66
64
50
49
45
50
51
65
132
63
48
62
96
64
68
67
71
58
50
41
57
49
61
64
60
56
180
188
265
160
194
56
53
52
168
45
171
73
64
45
160
92
170
63
339
59
63
86
51
30
142
34
32
63
57
159
172
46
66
69
44
55
50
65
51
62
51
48
53
60
49
42
65
50
158
62
61
60
79
184
49
58
57
53
56
78
172
178
26
69
35
46
63
48
48
50
84
60
57
61
48
50
50
56
70
340
57
52
49
56
41
42
38
51
52
178
57
65
309
62
44
73
52
284
63
57
154
192
181
35
284
175
38
85
75
49
287
59
41
175
181
174
182
85
52
173
57
176
64
159
58
61
50
67
51
61
44
71
34
69
58
66
11
37
48
35
46
64
177
58
70
78
35
55
61
54
213
177
219
191
73
65
58
58
193
157
174
60
81
80
71
48
194
214
47
53
202
51
59
57
59
52
45
60
169
47
56
53
70
69
175
55
46
50
5
63
76
47
58
58
279
271
54
163
55
318
10
49
179
76
124
299
50
130
89
155
73
67
62
58
165
168
168
55
165
87
36
55
76
57
37
62
60
61
49
48
49
90
56
49
54
51
48
56
183
57
145
131
55
48
47
78
52
65
60
65
58
49
57
48
54
64
46
284
40
61
73
59
40
41
44
179
72
64
167
65
77
59
69
50
174
58
67
49
54
62
42
45
72
63
160
56
64
145
40
52
56
67
47
39
54
99
53
87
87
83
282
281
279
286
84
61
44
32
40
79
57
64
85
44
193
102
141
36
45
48
46
65
63
72
56
76
80
57
53
177
55
45
69
59
53
55
37
60
73
63
66
184
56
167
66
64
63
40
55
54
44
46
52
64
50
100
90
72
56
68
146
92
54
48
57
53
67
167
72
56
170
170
55
37
55
168
60
57
55
58
235
54
183
49
49
48
50
181
58
68
191
61
47
55
41
74
17
65
56
51
60
61
67
59
313
42
58
51
44
40
42
39
63
56
62
57
58
48
51
68
67
121
115
39
54
42
57
60
66
50
45
48
52
46
46
47
55
48
49
55
171
61
51
49
50
74
211
69
61
48
51
54
56
35
62
311
72
58
57
72
63
50
172
54
61
50
62
52
52
53
175
58
55
52
22
57
54
70
61
67
57
248
59
62
63
130
62
50
54
55
46
68
266
55
60
56
69
55
52
71
52
40
55
49
37
41
68
159
68
53
53
52
66
306
304
301
301
57
58
55
62
36
67
58
44
333
57
62
208
267
45
45
61
47
174
155
78
53
123
24
180
202
56
48
304
194
52
51
34
40
241
51
59
56
68
167
171
59
53
44
49
47
86
170
38
82
85
77
312
317
61
54
60
57
211
353
179
178
121
167
74
49
171
166
176
177
179
49
176
178
51
64
54
55
205
68
57
162
31
41
275
45
51
53
42
36
45
58
82
49
47
66
41
63
50
45
157
39
64
69
60
55
54
42
52
49
20
17
57
48
50
42
46
60
49
50
53
37
186
76
46
52
63
57
59
66
80
57
61
61
163
87
53
55
59
58
53
39
165
168
171
177
39
55
66
46
265
60
60
85
73
49
300
76
44
47
187
49
48
43
45
46
48
50
177
63
58
216
97
33
39
159
89
48
278
65
45
53
182
16
74
78
188
56
74
290
35
45
46
56
63
51
257
259
182
293
55
177
65
55
43
46
56
52
89
54
53
71
12
288
57
171
51
56
64
50
63
54
150
85
57
65
53
7
38
53
55
