75
299
288
288
267
295
292
273
279
303
287
273
352
284
289
287
297
121
295
308
298
269
282
54
285
289
282
287
63
285
288
277
234
287
293
276
296
294
297
293
271
304
54
276
45
238
282
287
263
301
295
289
294
286
313
18
300
298
285
267
319
23
293
236
304
291
290
305
38
299
301
297
297
276
283
296
289
296
295
283
194
299
285
292
292
293
0
286
47
273
59
282
274
260
277
272
292
294
47
334
293
316
291
272
282
300
27
293
296
295
297
314
296
298
297
297
294
297
301
296
291
297
293
269
294
11
296
297
50
296
182
292
298
295
297
294
290
57
287
296
278
282
289
296
298
285
45
301
294
323
290
305
285
296
293
293
292
293
290
305
295
301
309
327
291
289
290
32
28
49
12
178
281
245
59
321
295
296
66
260
286
295
294
300
287
51
302
304
290
289
43
269
286
287
290
287
291
39
56
60
56
48
289
54
63
57
300
49
84
288
288
57
299
289
293
295
295
290
295
286
283
305
297
296
309
294
188
188
297
292
116
285
295
294
288
295
297
293
295
62
43
51
296
54
57
296
282
282
294
298
43
71
294
285
296
293
264
62
221
245
254
264
46
281
291
294
308
289
294
290
286
271
287
292
291
294
42
48
292
293
297
291
291
292
291
291
289
272
294
62
35
304
269
293
286
297
299
275
275
279
284
290
173
281
55
33
295
287
298
301
44
49
50
43
292
288
2
294
273
300
295
66
65
289
325
78
299
64
292
291
291
308
298
292
269
280
281
255
47
59
294
302
307
300
275
285
293
296
53
283
337
281
300
296
301
67
52
57
304
305
334
29
69
273
43
38
26
287
295
279
294
297
301
35
24
52
296
289
298
44
276
321
301
294
283
53
288
296
288
288
179
291
284
295
44
287
300
293
295
298
292
6
262
296
186
189
58
276
281
286
301
50
54
55
298
309
34
274
295
293
295
238
288
3
284
289
266
292
54
59
53
285
263
266
288
295
298
283
289
287
299
278
293
305
297
300
292
298
301
286
298
295
297
292
40
226
47
291
290
309
290
300
297
277
276
269
287
35
289
265
293
41
276
279
289
292
256
273
6
293
282
294
289
291
16
288
300
291
295
295
295
289
303
296
300
300
294
286
282
275
277
299
302
272
274
276
292
293
282
230
58
54
298
25
18
26
297
336
198
189
217
294
286
272
283
289
32
302
296
284
287
287
292
277
269
288
269
293
188
289
47
295
290
290
286
285
280
286
278
282
260
301
353
300
286
289
291
216
274
293
288
288
292
291
77
291
284
51
184
273
282
156
87
294
282
286
294
102
289
77
271
303
298
298
50
296
257
58
278
294
292
295
290
272
296
290
286
275
279
284
280
284
195
292
276
278
275
277
276
280
279
296
283
276
276
293
63
319
296
296
289
291
299
301
282
297
287
264
285
289
300
296
296
294
296
287
279
48
284
293
292
284
294
36
279
280
292
302
301
305
294
288
300
298
289
282
291
48
295
38
291
288
288
287
295
287
284
44
292
304
292
284
291
286
301
290
279
295
19
290
302
274
245
284
274
296
282
306
295
197
280
291
284
278
292
298
272
279
296
49
297
324
292
297
55
257
288
287
267
298
50
59
56
55
289
295
293
290
60
279
300
284
275
289
284
176
31
306
295
294
295
73
56
282
278
21
249
151
170
302
278
291
293
282
298
285
243
181
291
291
294
292
300
303
297
285
293
285
283
270
51
41
320
296
46
41
306
297
285
296
294
59
259
53
47
66
53
145
288
75
68
64
61
192
295
57
65
287
288
289
281
43
346
297
63
20
304
8
296
285
287
294
349
284
305
299
275
266
297
273
176
291
288
250
295
295
293
285
289
291
274
288
289
334
283
293
286
292
291
160
273
288
290
287
295
299
62
293
290
280
331
294
285
352
297
306
288
88
96
298
296
297
292
277
325
52
57
66
64
292
286
294
287
58
275
290
300
293
294
319
206
298
290
285
270
294
291
295
294
297
296
65
250
292
302
283
43
51
48
304
294
356
295
44
281
60
286
299
301
68
288
271
153
285
289
44
288
292
285
61
55
125
295
52
50
282
297
293
274
308
294
318
276
280
69
288
312
298
37
297
173
152
183
291
295
50
53
296
292
283
290
281
296
295
