119
260
131
139
320
298
300
341
133
286
136
131
304
158
157
306
128
107
140
330
112
288
284
87
305
296
137
332
94
311
141
134
131
297
313
313
323
142
311
311
297
303
275
330
130
138
318
159
150
294
302
304
312
146
84
87
293
94
163
293
309
316
127
288
143
331
51
155
302
310
302
294
290
306
290
294
320
294
300
69
291
304
71
109
135
135
203
314
233
110
0
321
308
150
143
136
106
141
140
141
148
136
144
152
135
303
94
306
299
300
321
312
301
301
305
302
281
157
298
158
335
88
300
127
133
101
117
152
97
302
178
311
308
310
298
304
148
100
303
299
290
300
300
157
283
141
134
133
142
162
285
131
135
138
280
105
295
336
333
153
129
268
316
319
287
334
327
78
80
79
86
120
146
145
50
308
144
147
117
310
148
134
107
291
312
46
300
300
293
293
110
296
122
315
315
319
322
129
118
103
125
138
322
102
100
106
139
102
312
298
143
231
268
130
282
141
264
267
322
300
132
157
137
138
113
147
9
2
297
300
228
300
145
144
321
140
308
305
280
252
278
271
295
103
94
102
286
282
302
282
125
117
144
319
144
144
117
100
87
142
231
315
121
147
147
148
139
137
150
293
316
122
297
295
300
313
124
233
130
134
163
141
140
141
141
143
110
151
309
107
317
124
297
135
80
315
122
298
282
296
313
158
106
316
88
85
300
84
150
79
129
128
130
120
112
295
139
155
117
138
92
117
117
290
123
101
304
120
287
306
295
300
84
321
299
296
298
299
263
241
295
297
294
305
322
315
278
95
109
99
85
283
283
287
289
252
246
245
292
297
304
288
79
288
106
130
137
116
146
136
151
121
248
62
141
103
152
134
299
313
79
285
155
147
295
292
154
306
141
323
105
82
76
299
120
116
38
22
149
214
319
292
125
292
106
115
28
319
132
128
308
104
107
107
149
259
119
117
79
304
296
287
288
283
138
143
294
120
84
99
111
299
295
294
137
301
297
286
288
302
121
322
287
289
285
278
280
286
290
284
289
301
316
301
102
74
123
109
164
141
133
124
304
315
305
100
305
305
306
309
297
92
296
132
304
310
131
139
150
297
145
329
64
290
237
153
156
159
305
305
293
302
299
301
281
280
132
80
82
77
80
283
297
298
298
296
290
309
311
267
311
112
252
237
252
246
140
134
306
315
305
160
128
35
325
299
112
326
144
321
137
146
155
323
147
314
300
124
275
129
109
284
304
316
303
304
296
303
306
162
63
280
109
303
299
160
316
285
137
166
146
323
156
324
93
314
320
119
107
319
130
102
38
279
315
283
305
89
301
91
134
134
136
136
116
320
319
319
318
125
302
283
273
129
274
312
330
308
293
308
312
104
130
310
297
297
298
297
294
296
315
131
127
209
156
124
97
285
136
293
301
133
127
137
141
295
131
133
135
132
315
311
311
292
304
263
264
125
135
158
162
163
277
106
128
318
305
297
294
290
107
250
348
298
298
312
323
304
246
119
135
328
298
297
300
260
290
139
88
299
300
289
280
280
292
289
291
285
304
324
293
131
110
145
211
295
321
304
286
136
121
299
117
128
299
112
155
296
139
98
307
288
299
317
99
319
289
291
142
286
111
109
108
112
293
298
302
298
312
132
290
124
131
301
317
176
135
312
312
324
315
37
105
320
294
299
311
183
179
315
310
43
277
144
306
138
265
188
309
304
131
133
306
303
129
129
126
126
306
1
285
148
342
292
111
140
106
307
145
281
283
114
8
243
246
250
253
226
150
105
93
95
109
351
243
112
112
303
298
300
303
103
299
294
306
199
307
100
303
138
139
297
269
135
136
146
306
306
133
324
312
313
137
111
120
310
275
321
319
158
275
307
302
145
131
123
123
123
134
108
309
145
145
144
129
295
105
305
127
124
302
316
306
156
303
301
327
104
96
306
305
300
304
322
167
98
95
99
111
297
134
134
142
117
301
319
299
317
302
37
276
314
311
261
129
294
311
314
316
308
310
101
317
140
136
286
106
143
92
304
305
144
314
145
100
240
78
282
274
103
141
309
119
299
306
235
289
289
134
112
117
100
43
106
138
290
309
308
304
302
305
305
307
310
111
157
29
293
118
143
112
113
256
289
152
119
152
310
297
155
144
140
132
139
