166
291
143
34
118
120
117
175
168
164
149
127
181
146
147
145
139
207
142
132
154
129
176
127
150
158
157
136
162
128
154
145
141
108
134
125
131
160
128
139
103
146
182
148
242
132
140
150
147
139
134
140
149
148
158
181
131
132
98
87
144
195
166
181
115
148
162
123
227
138
143
181
126
137
127
124
146
123
163
164
122
161
155
145
146
143
189
128
176
144
191
147
143
124
132
141
131
114
222
133
170
152
148
150
157
129
188
138
137
136
138
126
118
116
116
119
181
157
186
142
144
137
119
136
148
249
178
150
211
209
147
175
180
179
188
186
140
192
129
126
120
115
129
154
153
133
221
132
131
95
174
155
157
155
121
119
122
137
141
201
168
161
134
132
179
134
149
179
182
166
140
196
138
116
181
125
141
146
174
133
141
160
124
117
138
208
150
152
122
112
229
120
186
145
143
141
143
234
235
203
221
215
144
140
142
162
144
160
225
172
129
101
138
119
123
122
151
140
140
139
128
243
147
145
167
154
99
91
147
137
225
150
151
146
121
152
169
181
156
201
190
187
121
147
167
166
132
129
175
159
219
150
157
146
140
141
149
143
182
157
125
128
230
147
151
152
150
134
147
156
140
125
137
125
125
105
235
229
144
167
167
140
139
141
142
143
177
139
175
191
237
196
129
180
154
151
162
161
200
197
228
161
111
236
235
241
145
150
143
156
235
239
236
242
155
128
118
160
164
156
161
193
172
138
125
160
120
183
151
139
264
261
177
134
123
137
130
103
131
181
192
150
167
141
133
142
128
163
164
274
162
137
116
130
128
173
203
180
170
127
162
252
222
190
125
158
247
157
154
127
154
151
179
180
232
158
150
152
179
234
162
263
170
148
121
234
146
151
153
152
173
144
137
147
208
148
170
165
147
162
163
107
124
174
127
149
221
143
140
143
160
163
160
152
136
197
211
135
176
114
146
91
136
249
149
151
100
152
130
136
230
132
95
100
155
166
124
151
149
145
154
246
134
120
136
146
129
129
121
126
158
164
138
141
199
171
149
117
170
143
152
158
202
140
129
104
157
173
154
86
133
151
124
131
150
147
167
120
149
153
150
169
169
153
232
135
145
135
166
151
139
158
156
155
168
168
194
154
154
153
155
175
168
114
112
117
124
169
127
124
234
162
125
237
230
229
146
128
169
151
180
136
165
157
140
149
242
148
158
140
142
156
143
145
139
118
139
152
174
144
155
121
121
159
132
131
139
135
150
131
189
152
102
160
167
138
144
101
132
134
162
140
134
156
163
174
157
207
103
138
133
165
212
131
129
119
155
225
167
131
175
142
142
141
204
153
140
252
142
144
151
156
142
150
131
135
136
134
127
127
137
197
194
156
115
115
113
117
110
133
133
133
133
145
124
153
154
151
32
308
149
163
183
167
164
158
162
159
148
154
147
140
142
141
135
154
144
233
149
136
141
143
153
183
175
146
132
157
158
150
117
151
132
156
144
139
152
224
160
222
142
148
121
129
127
118
123
198
221
172
170
132
136
136
135
142
140
137
217
136
163
178
198
158
163
132
144
132
122
79
191
133
192
205
129
192
156
139
151
171
135
124
127
144
151
140
159
162
114
128
175
177
179
174
170
171
165
173
121
176
164
148
140
166
135
242
240
121
134
146
154
207
172
141
164
249
129
277
250
135
124
141
171
176
131
149
155
179
130
147
143
147
201
199
149
149
161
166
154
166
145
168
176
136
148
153
183
163
170
126
159
96
238
169
168
184
179
117
142
179
169
156
153
153
172
159
170
149
145
140
109
160
266
175
153
264
144
229
145
139
142
136
225
156
157
168
108
147
148
143
149
156
153
220
148
125
142
140
142
138
124
141
144
160
138
144
147
163
161
220
134
150
149
146
140
140
155
154
167
173
271
142
137
264
137
149
161
187
184
135
129
127
147
143
185
119
142
177
170
189
144
149
141
152
137
137
129
124
131
274
101
135
121
145
150
164
129
135
128
138
130
153
203
158
161
144
214
165
163
193
143
224
156
163
148
187
157
174
192
219
149
139
202
135
140
186
123
131
143
143
146
203
178
148
192
145
142
136
144
152
120
126
191
183
107
108
284
135
242
165
230
225
92
156
150
222
206
144
149
133
133
147
163
163
