340
170
20
0
307
355
358
331
5
356
17
26
345
20
349
345
16
339
18
311
356
181
0
31
334
2
20
325
35
0
33
39
22
357
0
357
359
10
357
355
359
0
155
333
9
355
341
4
15
345
344
347
1
21
18
182
356
28
186
358
344
339
359
359
2
352
179
1
39
349
324
0
0
328
348
359
337
359
359
176
359
0
196
261
47
23
158
334
23
0
298
341
187
12
356
24
51
66
19
350
17
20
29
13
2
354
132
359
359
359
12
333
357
358
355
357
359
1
0
0
0
163
295
12
20
359
1
0
359
358
0
354
0
359
0
359
17
0
356
358
1
358
359
0
0
13
349
13
19
2
353
11
163
20
358
177
359
0
1
359
11
359
352
330
355
359
354
181
181
1
179
22
20
19
350
329
19
15
2
316
12
1
175
359
344
23
359
359
353
350
180
353
37
338
330
334
332
10
19
359
343
196
166
38
37
357
3
358
23
357
8
6
23
25
0
359
359
7
359
357
358
187
2
0
23
2
343
340
357
5
4
344
21
22
305
19
357
355
0
359
96
93
359
0
190
348
8
8
344
0
28
1
1
348
13
3
1
330
359
13
3
176
174
16
21
21
12
0
20
340
332
352
352
356
357
16
14
43
179
358
4
194
17
200
2
5
0
5
283
0
359
13
186
354
15
359
37
117
84
89
358
20
149
337
0
18
337
12
17
0
354
194
179
197
13
355
127
0
34
22
341
0
0
319
359
359
351
0
3
358
359
358
185
359
348
359
338
315
29
23
161
344
334
330
338
317
358
1
351
4
315
1
9
4
2
2
0
0
343
348
187
359
3
103
359
199
0
1
18
354
11
179
359
182
0
345
13
34
359
359
178
2
0
12
355
69
28
359
34
332
2
19
19
345
35
197
209
212
0
0
1
353
32
8
175
178
23
350
0
1
334
341
350
341
13
13
10
23
209
359
348
352
351
24
18
22
347
25
336
46
193
347
349
347
10
340
180
1
0
344
0
332
340
358
14
19
21
14
6
352
352
349
344
348
182
193
349
158
13
193
1
304
359
335
338
18
155
17
341
268
350
328
324
354
343
344
17
188
180
52
41
186
188
358
12
15
10
21
345
315
174
358
359
359
359
359
4
15
15
7
5
359
352
348
346
348
359
325
155
177
353
344
346
16
22
20
20
17
355
18
3
18
20
158
147
185
231
331
17
324
11
181
26
322
24
330
343
10
180
196
158
359
335
161
349
349
348
342
349
17
180
359
44
353
154
20
330
351
355
35
13
331
21
310
354
310
335
355
183
154
16
359
355
185
339
166
359
317
205
318
12
353
351
357
359
317
345
180
334
13
25
23
23
198
8
149
150
154
325
151
340
10
356
146
350
347
352
348
348
7
156
335
19
10
18
23
0
343
0
11
346
38
10
9
359
347
197
10
23
26
344
341
340
338
335
64
51
10
17
21
16
12
312
73
31
332
353
359
0
359
62
224
359
357
350
330
341
175
36
9
11
333
183
188
183
188
346
1
214
348
347
19
12
6
21
3
8
7
50
311
348
350
358
71
268
359
153
345
352
308
24
349
19
32
345
193
8
351
9
8
351
39
207
328
349
345
359
0
16
358
351
354
353
353
350
349
350
170
354
10
348
16
0
175
149
359
15
338
335
304
350
11
341
342
0
91
356
0
0
173
347
208
209
14
337
28
144
359
350
345
4
8
2
350
35
35
38
42
177
193
19
184
274
344
37
358
309
344
18
358
3
351
59
23
18
224
22
175
189
181
171
174
159
151
190
172
357
354
11
359
349
358
357
354
207
354
341
228
333
5
5
334
219
8
6
42
159
178
6
331
222
163
12
340
42
355
40
349
334
21
23
331
342
339
11
200
20
191
13
41
301
10
15
10
27
2
40
160
34
48
174
333
333
17
345
345
151
348
8
341
341
347
341
336
338
43
9
177
175
309
8
12
9
344
326
339
334
13
348
209
327
349
160
6
22
353
339
337
349
343
352
353
156
42
23
1
10
188
345
182
344
13
2
201
120
32
0
4
32
2
2
334
180
166
337
203
2
186
3
344
353
129
208
38
21
7
353
352
351
335
338
358
169
353
32
358
212
358
24
14
36
36
4
352
28
345
186
344
349
20
12
32
4
9
