76
172
90
88
76
77
57
347
74
78
82
54
92
96
77
64
69
91
81
246
83
59
122
97
60
86
96
68
88
54
85
66
248
61
65
58
64
84
76
67
31
99
181
91
289
43
69
97
80
68
52
60
76
87
41
55
50
51
337
281
70
74
81
156
45
67
78
76
210
45
83
121
62
64
70
61
82
61
85
92
150
91
71
76
74
72
14
69
73
46
258
73
91
1
48
76
85
76
110
61
91
84
83
70
86
66
243
85
86
86
46
57
71
72
69
66
170
62
79
63
65
49
76
92
84
83
242
88
89
188
62
102
101
102
116
107
69
94
74
59
87
62
71
94
64
73
115
79
63
102
89
96
78
94
62
49
45
60
68
144
117
310
55
58
80
64
65
47
46
58
225
115
67
78
70
47
81
80
126
83
68
89
65
47
75
112
71
76
66
65
218
66
97
82
75
81
80
280
253
115
293
237
82
81
71
63
87
84
87
99
58
284
69
62
75
137
91
48
64
51
79
59
79
72
121
87
49
25
75
82
138
58
86
84
61
86
100
103
67
225
169
139
60
149
221
79
54
67
61
89
249
262
92
67
73
77
77
63
316
309
117
80
204
82
87
90
89
82
73
74
77
80
68
69
63
88
358
88
86
78
78
78
76
81
79
78
49
51
103
184
82
108
71
92
94
88
75
82
80
70
159
83
63
178
236
225
54
93
71
83
328
337
17
341
90
65
311
91
99
99
63
158
118
64
207
232
71
113
80
52
124
120
283
67
66
65
63
60
65
63
193
90
99
56
71
90
55
195
61
90
161
61
65
69
75
66
75
64
269
68
104
103
237
72
4
80
84
81
68
32
89
63
92
37
89
56
74
83
91
87
88
153
86
96
56
222
77
88
90
88
203
85
84
56
218
72
86
77
88
117
102
39
55
66
37
92
303
95
69
73
106
64
63
71
80
273
133
65
90
104
76
62
86
265
82
92
56
104
97
69
218
62
49
56
86
51
60
86
100
76
58
144
44
55
66
69
69
50
55
69
62
71
81
58
93
74
312
68
79
71
90
91
179
83
75
52
82
51
85
27
53
191
116
85
48
59
98
76
30
69
79
82
76
84
89
68
93
72
76
57
47
67
78
83
93
93
107
95
98
86
92
103
82
47
53
58
72
73
58
62
84
129
17
99
90
93
77
77
118
120
108
76
85
76
74
77
280
86
98
81
77
91
74
77
84
68
86
91
234
89
64
60
63
99
71
69
65
63
86
73
64
79
65
90
95
80
81
104
63
68
93
73
81
89
78
110
90
223
50
74
20
182
323
65
73
49
91
176
93
51
105
76
77
79
221
92
80
31
89
80
93
106
89
284
66
69
97
72
66
70
85
203
188
75
85
53
53
46
50
55
78
52
65
62
66
92
93
112
82
198
55
94
75
101
90
97
76
51
63
72
67
63
65
49
45
89
84
273
80
77
80
76
85
179
62
82
39
57
58
56
49
81
54
80
36
79
90
126
279
286
77
86
73
75
77
70
40
220
84
64
53
51
73
61
57
58
83
55
115
78
105
81
31
85
83
44
81
41
59
63
99
50
91
103
40
85
85
64
91
149
48
40
49
86
26
80
72
71
67
80
171
171
171
172
74
79
70
79
96
97
90
68
47
93
70
151
271
41
51
63
77
311
66
71
68
314
65
123
156
63
55
72
77
105
27
66
77
235
50
73
87
88
216
219
80
78
80
81
81
101
58
57
63
73
86
306
237
95
87
50
107
344
86
115
113
160
123
85
81
91
73
68
61
254
85
57
66
72
64
83
78
64
109
87
72
248
54
174
55
82
81
53
138
87
85
99
299
272
65
85
150
88
92
294
107
64
99
80
86
80
73
61
62
211
68
70
72
90
93
151
73
91
93
86
74
31
73
56
78
85
169
80
78
228
56
69
98
94
95
55
46
53
55
74
91
84
93
78
64
96
88
90
82
74
82
80
79
74
41
169
57
47
61
72
83
75
54
56
53
57
51
60
111
70
68
72
108
55
94
100
57
249
92
67
64
64
67
112
126
268
73
73
85
9
49
315
62
60
63
67
72
102
102
89
212
101
63
60
42
60
31
39
149
126
84
63
176
47
279
104
166
171
65
84
88
274
117
86
70
76
3
84
98
95
